Transaction ID,Contact Id,OLD Contact Balance,New Balance
555,413,-12050.0,-12000.0
589,413,-22050.0,-22000.0
623,413,-1800.0,-1750.0
715,413,-21800.0,-21750.0
759,413,-1800.0,-1750.0
882,413,-11800.0,-11750.0
899,413,14200.0,14250.0
1039,413,-800.0,-750.0
1117,413,19200.0,19250.0
1364,413,-5800.0,-5750.0
1445,413,13950.0,14000.0
1558,413,-1050.0,-1000.0
445,418,89685.0,89775.0
473,418,5485.0,5575.0
526,418,44985.0,45075.0
611,418,56835.0,56925.0
646,418,112415.0,112505.0
659,418,33015.0,33105.0
660,418,21165.0,21255.0
664,418,41015.0,41105.0
763,418,64835.0,64925.0
839,418,84685.0,84775.0
1075,418,64835.0,64925.0
900,418,101465.0,101555.0
901,418,121315.0,121405.0
924,418,160221.0,160311.0
928,418,48955.0,49045.0
1044,418,88855.0,88945.0
1074,418,88655.0,88745.0
1077,418,128355.0,128445.0
1143,418,45185.0,45275.0
1157,418,104735.0,104825.0
1185,418,84685.0,84775.0
1224,418,116845.0,116935.0
1279,418,44985.0,45075.0
1436,418,84485.0,84575.0
1463,418,44585.0,44675.0
1464,418,64335.0,64425.0
1635,418,24835.0,24925.0
1650,418,32335.0,32425.0
1675,418,36085.0,36175.0
1692,418,41710.0,41800.0
1719,418,80710.0,80800.0
1743,418,121960.0,122050.0
1750,418,82960.0,83050.0
1760,418,101710.0,101800.0
1784,418,179410.0,179500.0
1807,418,101710.0,101800.0
1843,418,139210.0,139300.0
1852,418,138730.0,138820.0
420,439,6952.0,7550.0
438,439,11002.0,11600.0
450,439,15252.0,15850.0
470,439,17277.0,17875.0
531,439,25377.0,25975.0
552,439,31452.0,32050.0
614,439,35502.0,36100.0
663,439,39552.0,40150.0
671,439,45847.0,46445.0
703,439,51922.0,52520.0
716,439,57997.0,58595.0
813,439,64272.0,64870.0
814,439,70567.0,71165.0
852,439,78202.0,78800.0
853,439,82252.0,82850.0
854,439,100477.0,101075.0
1018,439,108577.0,109175.0
1056,439,116677.0,117275.0
1060,439,118702.0,119300.0
1076,439,120727.0,121325.0
1112,439,128827.0,129425.0
1122,439,132877.0,133475.0
1179,439,140167.0,140765.0
1184,439,148267.0,148865.0
1188,439,154562.0,155160.0
1215,439,54487.0,55085.0
1221,439,60637.0,61235.0
1271,439,68017.0,68615.0
1302,439,74167.0,74765.0
1306,439,80317.0,80915.0
1392,439,88417.0,89015.0
1348,439,96517.0,97115.0
1350,439,102812.0,103410.0
1362,439,110912.0,111510.0
1393,439,111317.0,111915.0
1394,439,115367.0,115965.0
1438,439,121442.0,122040.0
1442,439,128732.0,129330.0
1471,439,134807.0,135405.0
1479,439,135707.0,136305.0
1483,439,85707.0,86305.0
1490,439,93707.0,94305.0
1504,439,108237.0,108835.0
1613,439,110187.0,110785.0
1614,439,114087.0,114685.0
1615,439,117987.0,118585.0
1616,439,123837.0,124435.0
1671,439,129537.0,130135.0
1711,439,136377.0,136975.0
1722,439,142077.0,142675.0
1741,439,146637.0,147235.0
1773,439,158477.0,159075.0
1774,439,159197.0,159795.0
1803,439,161297.0,161895.0
1806,439,61297.0,61895.0
1839,439,68997.0,69595.0
424,453,7380.0,4100.0
677,453,9430.0,6150.0
679,453,17630.0,14350.0
802,453,21730.0,18450.0
870,453,25780.0,22500.0
961,453,780.0,-2500.0
1390,453,1060.0,-2220.0
1572,453,1810.0,-1470.0
1567,453,86660.0,83380.0
1568,453,80810.0,77530.0
1569,453,81200.0,77920.0
1570,453,80950.0,77670.0
1672,453,84850.0,81570.0
1673,453,4850.0,1570.0
1715,453,8700.0,5420.0
1815,453,9855.0,6575.0
1872,453,15630.0,12350.0
561,456,13750.0,6750.0
641,456,151450.0,144450.0
654,456,152200.0,145200.0
709,456,289900.0,282900.0
718,456,-110100.0,-117100.0
986,456,-103128.0,-110128.0
1004,456,-75828.0,-82828.0
1015,456,123372.0,116372.0
1053,456,184122.0,177122.0
1085,456,-65878.0,-72878.0
1234,456,24322.0,17322.0
1243,456,35242.0,28242.0
1403,456,-114758.0,-121758.0
1519,456,-26538.0,-33538.0
1530,456,52062.0,45062.0
1625,456,-137938.0,-144938.0
1648,456,-62278.0,-69278.0
1752,456,13722.0,6722.0
1870,456,23222.0,16222.0
409,473,1596.0,15960.0
427,473,20248.0,20748.0
433,473,40698.0,40698.0
586,473,18576.0,36606.0
461,473,80598.0,76506.0
468,473,66598.0,62506.0
497,473,90298.0,86206.0
511,473,60298.0,56206.0
534,473,95298.0,91206.0
584,473,23418.0,83286.0
585,473,22668.0,82536.0
537,473,91338.0,78576.0
580,473,31338.0,18576.0
591,473,23316.0,23316.0
595,473,55816.0,55816.0
607,473,107166.0,107166.0
622,473,67166.0,67166.0
628,473,159166.0,159166.0
638,473,155656.0,155656.0
645,473,156456.0,156456.0
672,473,132456.0,132456.0
683,473,32456.0,32456.0
687,473,64956.0,64956.0
694,473,106556.0,106556.0
695,473,80556.0,80556.0
728,473,96556.0,96556.0
742,473,61556.0,61556.0
746,473,63156.0,63156.0
757,473,103156.0,103156.0
760,473,107156.0,107156.0
772,473,94476.0,94476.0
797,473,88461.0,88461.0
808,473,114461.0,114461.0
820,473,34461.0,34461.0
823,473,72461.0,72461.0
843,473,60461.0,60461.0
913,473,136461.0,136461.0
914,473,136261.0,136261.0
915,473,191841.0,191841.0
916,473,165971.0,165971.0
917,473,108659.0,108659.0
918,473,113759.0,113759.0
919,473,75166.0,75166.0
920,473,60466.0,60466.0
921,473,10466.0,10466.0
922,473,57161.0,57161.0
939,473,26914.0,26914.0
972,473,-3086.0,-3086.0
974,473,28674.0,28674.0
1020,473,31850.0,31850.0
1024,473,-8150.0,-8150.0
1038,473,-8485.0,-8485.0
1043,473,43385.0,43385.0
1050,473,47375.0,47375.0
1058,473,48415.0,48415.0
1171,473,88315.0,88315.0
1080,473,104815.0,104815.0
1093,473,207315.0,207315.0
1169,473,193350.0,193350.0
1115,473,249210.0,249210.0
1170,473,244810.0,244810.0
1124,473,179810.0,179810.0
1167,473,184640.0,184640.0
1168,473,164640.0,164640.0
1172,473,144640.0,144640.0
1183,473,148630.0,148630.0
1192,473,151054.0,151054.0
1207,473,91054.0,91054.0
1208,473,142554.0,142554.0
1217,473,145754.0,145754.0
1223,473,165954.0,165954.0
1225,473,167354.0,167354.0
1311,473,166524.0,166524.0
1226,473,66524.0,66524.0
1227,473,121064.0,121064.0
1267,473,114789.0,114789.0
1287,473,74789.0,74789.0
1297,473,107789.0,107789.0
1300,473,127989.0,127989.0
1307,473,122654.0,122654.0
1308,473,118049.0,118049.0
1344,473,165054.0,165054.0
1352,473,130054.0,130054.0
1359,473,119704.0,119704.0
1383,473,54704.0,54704.0
1399,473,87094.0,87094.0
1400,473,47094.0,47094.0
1406,473,30544.0,30544.0
1447,473,81894.0,81894.0
1477,473,33894.0,33894.0
1484,473,112294.0,112294.0
1557,473,67294.0,67294.0
1589,473,86794.0,86794.0
1590,473,86314.0,86314.0
1591,473,53864.0,53864.0
1592,473,77264.0,77264.0
1633,473,34264.0,34264.0
1847,473,16714.0,16714.0
1647,473,69914.0,69914.0
1665,473,62294.0,62294.0
1674,473,32294.0,32294.0
1685,473,77294.0,77294.0
1848,473,76734.0,76734.0
1702,473,16734.0,16734.0
1705,473,72984.0,72984.0
1771,473,67344.0,67344.0
1772,473,61704.0,61704.0
1775,473,36704.0,36704.0
1786,473,51704.0,51704.0
1793,473,51254.0,51254.0
1802,473,1254.0,1254.0
1821,473,5004.0,5004.0
1829,473,23754.0,23754.0
1842,473,61254.0,61254.0
1846,473,65004.0,65004.0
1874,473,74379.0,74379.0
530,478,26975.0,26975.0
527,478,122975.0,122975.0
639,478,22975.0,22975.0
745,478,128975.0,128975.0
964,478,28975.0,28975.0
1057,478,64705.0,64705.0
1069,478,75677.0,75677.0
1459,478,25677.0,25677.0
1276,478,555677.0,105677.0
1338,478,587327.0,137327.0
1404,478,487327.0,37327.0
1414,478,510152.0,60152.0
1491,478,589552.0,139552.0
1850,478,489552.0,39552.0
1801,478,495312.0,45312.0
1831,478,455760.0,5760.0
454,479,-25150.0,-25000.0
637,479,-19500.0,-19350.0
765,479,-13035.0,-12885.0
934,479,-28035.0,-27885.0
1033,479,-21735.0,-21585.0
1259,479,-16785.0,-16635.0
1452,479,-14685.0,-14535.0
457,482,202455.0,10250.0
517,482,267800.0,75595.0
603,482,67800.0,-124405.0
618,482,75900.0,-116305.0
705,482,86525.0,-105680.0
712,482,21525.0,-170680.0
740,482,23650.0,-168555.0
755,482,31800.0,-160405.0
925,482,59100.0,-133105.0
1717,482,62950.0,-129255.0
1830,482,66800.0,-125405.0
1361,486,270.0,250.0
1820,486,1270.0,1250.0
954,508,-9445.0,5675.0
1017,508,-3770.0,11350.0
1239,508,1905.0,17025.0
568,521,11850.0,11850.0
788,521,31600.0,31600.0
878,521,51350.0,51350.0
985,521,0.0,0.0
1011,521,68250.0,68250.0
1159,521,0.0,0.0
1198,521,12405.0,12405.0
1212,521,22035.0,22035.0
1283,521,25245.0,25245.0
1340,521,25495.0,25495.0
1345,521,65295.0,65295.0
1434,521,71330.0,71330.0
1466,521,90830.0,90830.0
1550,521,108020.0,108020.0
1622,521,17190.0,17190.0
1618,521,35905.0,36290.0
1814,521,-385.0,0.0
1824,521,790.0,1175.0
1844,521,12040.0,12425.0
706,524,18950.0,14700.0
710,524,40450.0,36200.0
885,524,5450.0,1200.0
1290,524,25825.0,21575.0
1339,524,5825.0,1575.0
1051,532,-24000.0,-24000.0
1078,532,-18000.0,-4000.0
1285,532,-11630.0,2370.0
1411,532,-5260.0,8740.0
1448,532,36240.0,50240.0
1472,532,36490.0,50490.0
1514,532,-13510.0,490.0
1841,532,-38000.0,-24000.0
